180.0
184.0
180.0
180.0
180.0
288.41589355
1094.39428711
1273.11914062
1837.10058594
3014.26660156
3224.68066406
4121.74267578
4275.67871094
5133.72802734
4463.03027344
4154.81103516
4416.30957031
4338.09472656
3592.97802734
3362.32885742
2624.31811523
2463.51928711
2084.33032227
1719.87780762
1351.03186035
1242.78625488
649.08428955
535.32568359
487.57580566
424.38446045
420.94824219
326.1036377 
323.44873047
273.75967407
355.95974731
556.80413818
1546.44970703
2106.09423828
3199.47192383
3637.38183594
3743.02832031
5873.30859375
4621.80517578
2702.23388672
3578.36572266
3789.76977539
3667.0703125 
3399.29638672
2585.34887695
2373.66333008
1962.19494629
1841.47705078
1730.94555664
1629.77954102
1609.53356934
857.76812744
771.80621338
702.62738037
420.68249512
338.58569336
272.809021  
282.22171021
280.47625732
254.70718384
256.66296387
922.56707764
1931.0234375 
1767.81726074
1409.46972656
2657.80761719
2626.44189453
2709.34179688
4151.84765625
4569.85351562
4320.03515625
4290.15283203
3470.86938477
2627.68823242
2379.28613281
1851.06201172
973.41699219
732.33709717
644.56384277
584.96221924
515.33044434
403.89019775
385.96112061
338.5703125 
325.43310547
409.87924194
367.58850098
775.80249023
811.7019043 
1473.53955078
1787.09533691
2935.74951172
3015.04467773
2443.53979492
3908.45654297
4815.15527344
5513.50634766
4269.86083984
2618.35498047
2354.55664062
2084.97753906
1423.03369141
1177.28588867
1133.72631836
970.77429199
904.71466064
860.45629883
825.13183594
673.60180664
626.06268311
550.57946777
532.85131836
604.70428467
790.97961426
945.45593262
990.28381348
862.92608643
758.64453125
1444.9621582 
1550.29943848
2368.16894531
4214.37353516
5427.06591797
4418.56787109
4271.03710938
3162.17211914
2393.15234375
2595.16357422
1922.05163574
1672.94604492
1314.34484863
1271.80761719
782.85656738
643.4753418 
443.80957031
341.12698364
280.84500122
256.00979614
252.50624084
285.27893066
447.50463867
505.87939453
843.29650879
1864.41650391
2198.43725586
3117.39282227
3016.14697266
3057.30761719
3152.62719727
3917.67016602
3948.86010742
3185.72143555
3285.77636719
2731.93164062
1610.75537109
1341.77587891
1027.7454834 
641.27325439
561.46209717
449.14434814
354.76116943
193.0
194.0
196.0
196.0
196.0
196.0
196.0
198.0
201.1
204.04
1220.76748
1325.5679081
2581.20985373
3190.09572397
3221.69034827